dict_items([('network', '/Users/till/Documents/Playground/STRING-VRNetzer/static/networks/VRNetzer_Test_16_08.VRNetz'), ('layout_algo', None), ('keep_tmp', True), ('skip_exists', None), ('project_name', '2D_layOut')])
[[0.73702657 0.65357977 0.        ]
 [0.55123096 0.29709063 0.        ]
 [0.78123234 0.22032345 0.        ]
 [1.         0.         0.        ]
 [0.69436761 0.78367636 0.        ]
 [0.68802987 0.52643648 0.        ]
 [0.60859484 0.36882481 0.        ]
 [0.64272763 0.47452345 0.        ]
 [0.68504797 0.34353449 0.        ]
 [0.18660422 0.35372244 0.        ]
 [0.41755112 0.47338669 0.        ]
 [0.8263672  0.7056192  0.        ]
 [0.32806063 0.64600005 0.        ]
 [0.5708324  0.47350855 0.        ]
 [0.3574935  0.5044397  0.        ]
 [0.30761424 0.38850296 0.        ]
 [0.87280882 0.42237472 0.        ]
 [0.2424949  0.50096528 0.        ]
 [0.68257828 0.68316377 0.        ]
 [0.75873936 0.34927024 0.        ]
 [0.6733778  0.36902466 0.        ]
 [0.46254127 0.37984423 0.        ]
 [0.45467287 0.30016736 0.        ]
 [0.27982288 0.56388067 0.        ]
 [0.         0.62334523 0.        ]
 [0.053616   0.58978635 0.        ]
 [0.58778786 0.26824062 0.        ]
 [0.63511596 0.70386716 0.        ]
 [0.54360896 0.55852479 0.        ]
 [0.63893946 0.39544819 0.        ]
 [0.50282735 0.59815623 0.        ]
 [0.57046854 0.1398424  0.        ]
 [0.22707612 0.27486332 0.        ]
 [0.13198418 0.45656992 0.        ]
 [0.43521721 0.         0.        ]
 [0.87034286 0.12118994 0.        ]
 [0.83379372 0.56904566 0.        ]
 [0.29593348 0.3382561  0.        ]
 [0.11443014 0.48070022 0.        ]
 [0.53668781 0.48339635 0.        ]
 [0.56181715 0.41636418 0.        ]
 [0.34445318 0.58169122 0.        ]
 [0.59600809 0.18014368 0.        ]
 [0.43784713 0.16633842 0.        ]
 [0.43932042 0.22907779 0.        ]
 [0.70218656 0.55668701 0.        ]
 [0.53944155 0.37958462 0.        ]
 [0.12742582 0.36507116 0.        ]
 [0.84996153 0.22512247 0.        ]
 [0.61827811 0.38708341 0.        ]
 [0.49313267 0.31631302 0.        ]
 [0.64601377 0.6265351  0.        ]
 [0.38619784 0.47465994 0.        ]
 [0.61309218 0.71748003 0.        ]
 [0.41131391 0.49236205 0.        ]
 [0.3460487  0.43770869 0.        ]
 [0.75193078 0.45603086 0.        ]
 [0.42060428 0.41101545 0.        ]
 [0.29029974 0.43755512 0.        ]
 [0.5598759  0.30831257 0.        ]
 [0.40117432 0.6044284  0.        ]
 [0.48314129 0.46969931 0.        ]
 [0.58877316 0.41629338 0.        ]
 [0.3469663  0.3025702  0.        ]
 [0.18352688 0.53655603 0.        ]
 [0.14120154 0.89861886 0.        ]
 [0.69983899 0.45459033 0.        ]
 [0.50144194 0.38107056 0.        ]
 [0.22291877 0.76820785 0.        ]
 [0.43634458 0.53522979 0.        ]
 [0.42170245 0.31145403 0.        ]
 [0.57638925 0.57948915 0.        ]
 [0.49773652 0.38597115 0.        ]
 [0.01861415 0.31695174 0.        ]
 [0.57206526 0.55238335 0.        ]
 [0.75076856 0.51235672 0.        ]
 [0.35974481 0.22042815 0.        ]
 [0.39834567 0.4555162  0.        ]
 [0.69994278 0.51860435 0.        ]
 [0.41074231 0.82270982 0.        ]
 [0.55405511 0.41627014 0.        ]
 [0.53227595 0.42077439 0.        ]
 [0.73271105 0.26342346 0.        ]
 [0.15414257 1.         0.        ]
 [0.38865937 0.58220616 0.        ]
 [0.44530013 0.75857861 0.        ]
 [0.07618941 0.33765769 0.        ]
 [0.22793651 0.32643926 0.        ]
 [0.52209141 0.57416874 0.        ]
 [0.00751361 0.7936933  0.        ]
 [0.49265578 0.50519499 0.        ]
 [0.48039795 0.25654965 0.        ]
 [0.44176689 0.59089587 0.        ]
 [0.59181242 0.34582357 0.        ]
 [0.27712085 0.47972193 0.        ]
 [0.77506981 0.52674952 0.        ]
 [0.76172428 0.40312615 0.        ]
 [0.7821813  0.31966724 0.        ]
 [0.67554349 0.3021651  0.        ]
 [0.55873884 0.36309416 0.        ]]
